1061656320
1061656440
1061656560
1061656688
1061656808
1061656928
1061657048
1061657176
1061657296
1061657416
1061657536
1061657664
1061657784
1061657904
1061658024
1061658152
1061658272
1061658392
1061658512
1061658640
1061658760
1061658880
1061659000
1061659128
1061659248
1061659368
1061659488
1061659616
1061659736
1061659856
1061659976
1061660104
1061660224
1061660344
1061660464
1061660592
1061660712
1061660832
1061660952
1061661080
1061661200
1061661320
1061661440
1061661568
1061661688
1061661808
1061661928
1061662056
1061662176
1061662296
1061662416
1061662544
1061662664
1061662784
1061662904
1061663032
1061663152
1061663272
1061663392
1061663520
1061663640
1061663760
1061663880
1061664008
1061664128
1061664248
1061664368
1061664496
1061664616
1061664736
1061664856
1061664984
1061665104
1061665224
1061665344
1061665472
1061667056
