1061568328
1061568448
1061568568
1061568688
1061568816
1061568936
1061569056
1061569176
1061569304
1061569424
1061569664
1061569792
1061569912
1061570032
1061570152
1061570280
1061570400
1061570520
1061570640
1061570768
1061570888
1061571008
1061571128
1061571256
1061571376
1061571496
1061571616
1061571744
1061571864
1061571984
1061572104
1061572232
1061572352
1061572472
1061572592
1061572720
1061572840
1061572960
1061573080
1061573208
1061573328
1061573448
1061573568
1061573696
1061573816
1061573936
1061574056
1061574184
1061574304
1061574424
1061574544
1061574672
1061574792
1061574912
1061575032
1061575160
1061575280
1061575400
1061575520
1061575648
1061575768
1061575888
1061576008
1061576136
1061576256
1061576376
1061576496
1061576864
1061576984
1061577112
1061577232
1061577352
1061577472
1061577600
1061577720
1061577840
1061577960
1061578088
1061578208
1061578328
1061578448
1061578576
1061578696
1061578816
1061578936
1061579064
1061579184
1061579304
1061579424
1061579552
1061579672
1061579792
1061579912
1061580040
1061580160
1061580280
1061580400
1061580528
1061580648
1061580768
1061580888
1061581016
1061581136
