1066679032
1066678904
1066678784
1066678664
1066678544
1066678416
1066678296
1066678176
1066678056
1066677928
1066677808
1066677688
1066677568
1066677440
1066677320
1066677200
1066677080
1066676952
1066676832
1066676712
1066676592
1066676464
1066676344
1066676224
1066676104
1066675976
1066675856
1066675736
1066675616
1066675488
1066675368
1066675248
1066675128
1066675000
1066674880
1066674760
1066674640
1066674512
1066674392
1066674272
1066674152
1066674024
1066673904
1066673784
1066673664
1066673536
1066673416
1066673296
1066673176
1066673048
1066672928
1066672808
1066672688
1066672560
1066672440
1066672320
1066672200
1066672072
1066671952
1066671832
1066671712
1066671584
1066671464
1066671344
1066671224
1066671096
1066670976
1066670856
1066670736
1066670608
1066670488
1066670368
1066670248
1066670120
1066670000
1066669880
1066669760
1066669632
1066669512
1066669392
1066669272
1066669144
1066669024
1066668904
1066668784
1066668656
1066668536
1066668416
1066668296
1066668168
1066668048
1066667928
1066667808
1066667680
1066667560
1066667440
1066667320
1066667192
1066667072
1066666952
1066666832
