1066580664
1066580784
1066580912
1066581032
1066581152
1066581272
1066581400
1066581520
1066581640
1066581760
1066581888
1066582008
1066582128
1066582248
1066582376
1066582496
1066582616
1066582736
1066582864
1066582984
1066583104
1066583224
1066583352
1066583472
1066583592
1066583712
1066583840
1066583960
1066584080
1066584200
1066584328
1066584448
1066584568
1066584688
1066584816
1066584936
1066585056
1066585176
1066585304
1066585424
1066585544
1066585664
1066585912
1066586032
1066586152
1066586280
1066586400
1066586520
1066586640
1066586768
1066586888
1066587008
1066587128
1066587256
1066587376
1066587496
1066587744
1066587864
1066587984
1066588104
1066588232
1066588352
1066588472
1066588592
1066588720
1066588840
1066588960
1066589080
1066589208
1066589328
1066589448
1066589568
1066589696
1066589816
1066589936
1066590056
1066590184
1066590304
1066590424
1066590544
1066590672
1066590792
1066590912
1066591032
1066591160
1066591280
1066591520
1066591648
1066591768
1066591888
1066592008
1066592136
1066592256
1066592376
1066592496
1066592624
